-- age
select (2013 - birthyear) / 10, count(trip_id) from trips
group by 1 order by 1 asc;
/*
1;1818
2;128455
3;145378
4;74659
5;40936
6;10604
7;839
8;60
9;16
10;144
;356879
*/

-- distance
select
	dbs.distance::int
	, count(t.trip_id)
from trips t left join distances_between_stations dbs on dbs.from_station_id = t.from_station_id and dbs.to_station_id = t.to_station_id
group by 1 order by 1 asc;
/*
0;89545
1;338877
2;181293
3;83956
4;36332
5;14329
6;5627
7;4150
8;2283
9;1849
10;859
11;369
12;189
13;84
14;32
15;7
16;7
*/

-- duration
select (duration / (60 * 10))::int, count(trip_id) from trips
group by 1 order by 1 asc;
/*
0;267303
1;255208
2;140871
3;41545
4;17134
5;10368
6;6114
7;4153
8;3052
9;2285
10;1773
11;1430
12;1090
13;874
14;713
15;597
16;516
17;462
18;360
19;293
20;258
21;240
22;188
23;155
24;152
25;141
26;122
27;113
28;96
29;76
30;73
31;86
32;67
33;66
34;76
35;40
36;43
37;53
38;39
39;38
40;36
41;30
42;33
43;21
44;23
45;22
46;24
47;25
48;14
49;30
50;21
51;29
52;19
53;13
54;25
55;18
56;20
57;14
58;16
59;26
60;15
61;19
62;12
63;13
64;15
65;13
66;14
67;14
68;13
69;10
70;13
71;16
72;13
73;15
74;12
75;7
76;19
77;15
78;14
79;16
80;19
81;19
82;25
83;16
84;21
85;16
86;16
87;15
88;11
89;10
90;10
91;14
92;15
93;13
94;7
95;15
96;7
97;16
98;7
99;6
100;14
101;8
102;12
103;9
104;7
105;18
106;11
107;10
108;10
109;9
110;6
111;8
112;6
113;5
114;15
115;10
116;11
117;12
118;14
119;10
120;11
121;9
122;8
123;13
124;7
125;6
126;11
127;15
128;12
129;6
130;9
131;13
132;19
133;14
134;12
135;7
136;11
137;22
138;11
139;9
140;21
141;15
142;26
143;18
*/

-- speed
select
	((dbs.distance / t.duration * 3600))::int as velocity
	, count(t.trip_id)
from trips t left join distances_between_stations dbs on dbs.from_station_id = t.from_station_id and dbs.to_station_id = t.to_station_id
group by 1 order by 1 asc;
/*
0;48484
1;20182
2;28164
3;37634
4;48140
5;62042
6;80497
7;98683
8;101899
9;86692
10;59377
11;33975
12;17436
13;9204
14;5137
15;3013
16;2120
17;1519
18;1197
19;1006
20;912
21;885
22;728
23;633
24;563
25;526
26;516
27;463
28;425
29;370
30;341
31;382
32;320
33;312
34;277
35;258
36;256
37;226
38;211
39;200
40;186
41;168
42;154
43;168
44;155
45;147
46;145
47;122
48;115
49;136
50;128
51;122
52;106
53;109
54;106
55;95
56;79
57;98
58;90
59;79
60;72
61;63
62;71
63;74
64;70
65;55
66;56
67;58
68;53
69;53
70;61
71;36
72;37
73;43
74;38
75;40
76;31
77;34
78;30
79;30
80;26
81;28
82;19
83;28
84;27
85;29
86;27
87;19
88;19
89;31
90;27
91;24
92;17
93;16
94;23
95;18
96;14
97;16
98;18
99;15
100;13
101;16
102;16
103;9
104;14
105;9
106;13
107;14
108;16
109;11
110;12
111;11
112;10
113;8
114;5
115;12
116;5
117;9
118;10
119;10
120;8
121;8
122;7
123;10
124;11
125;7
126;14
127;11
128;7
129;5
130;6
131;9
132;6
133;7
134;5
135;6
136;7
137;8
138;5
139;4
140;5
141;3
142;4
143;3
144;7
145;5
146;7
147;5
148;5
149;6
150;4
151;3
152;3
153;1
154;1
155;6
156;3
157;4
158;7
159;3
160;7
161;4
162;2
163;4
164;3
165;7
166;2
167;4
168;4
169;5
171;3
172;4
175;4
176;4
178;4
179;3
180;3
181;2
182;2
183;3
184;2
185;3
186;1
187;1
188;2
189;2
190;4
191;3
192;2
193;3
194;1
196;2
200;1
201;3
203;4
204;2
205;1
206;1
209;1
210;1
212;2
213;1
214;1
215;1
216;1
219;1
220;1
222;1
223;1
225;1
230;2
232;1
234;1
236;3
237;1
239;1
249;1
250;2
252;1
255;1
257;3
263;1
266;1
267;1
269;1
273;1
276;1
278;1
281;1
284;1
285;1
290;1
291;1
297;1
300;1
306;1
309;1
311;1
316;1
319;1
338;1
349;2
350;1
356;1
386;1
402;1
421;1
466;1
*/